Split 0
Train: 90,117,107,14,163,48,110,96,43,137,57,156,75,91,29,89,46,6,129,78,31,71,13,112,116,32,0,144,2,118,3,41,108,74,113,12,25,77,34,35,61,151,62,63,105,18,45,97,92,134,28,69,169,109,17,9,138,33,145,72,85,50,104,130,155,154,73,148,39,38,55,20,164,64,4,122,140,106,81,53,76,99,146,165,52,127,27,44,80,123,147,16,54,136
Dev: 11,111,68,49,22,101,15,94,150,168,88,37,139,103,40,67,125,128,86,36,87,166,83,84
Test: 24,51,56,93,58,126,152,114,26,161,167,21,102,162,8,95,143,5,119,98,131,153,79,70,132,7,149,100,30,120,42,1,124,47,141,66,157,158,65,135,60,23,121,59,160,10,142,19,115,82,159,133

Split 1
Train: 147,144,56,40,60,30,43,66,92,91,61,96,80,27,78,135,126,125,51,24,74,169,6,79,63,88,143,87,136,59,83,3,5,16,86,98,129,38,73,95,33,131,168,23,101,45,13,21,28,164,52,36,118,115,146,162,154,41,29,156,31,163,103,157,155,9,22,141,166,138,149,39,53,127,116,99,151,104,18,105,55,122,20,1,77,47,75,62,90,140,161,123,49,128
Dev: 7,64,82,2,94,130,134,145,120,108,58,100,113,117,102,50,132,150,165,15,106,70,153,42
Test: 148,54,112,14,109,11,10,69,85,17,71,57,68,65,142,19,8,110,158,97,81,48,119,26,160,25,67,84,44,133,35,89,152,139,93,12,76,111,4,124,0,121,46,34,159,137,114,37,72,107,167,32

Split 2
Train: 64,71,130,168,108,125,157,169,152,44,73,37,16,163,4,131,133,123,102,25,56,104,6,154,116,145,65,149,166,51,23,140,3,150,165,162,148,40,129,67,33,100,30,62,128,18,59,28,164,1,92,54,15,58,93,88,32,119,21,107,27,17,99,35,82,42,126,20,141,46,66,14,9,55,112,91,47,84,105,153,63,29,13,132,72,120,103,147,97,53,52,113,2,68
Dev: 142,135,151,122,87,26,136,36,167,80,41,137,89,39,115,12,106,96,70,86,81,156,114,138
Test: 22,61,10,74,90,76,127,77,19,50,101,110,79,94,124,146,134,60,161,98,143,160,109,78,11,5,158,57,83,34,49,159,69,121,118,48,117,24,155,7,139,144,95,85,75,31,45,0,38,111,43,8

Split 3
Train: 169,110,70,143,12,52,72,81,8,53,15,150,104,1,17,165,44,74,49,102,161,111,38,5,86,89,57,95,137,155,139,18,113,146,69,135,63,51,97,136,109,35,108,166,121,23,88,160,83,151,27,28,145,148,100,164,96,30,11,6,19,29,159,124,133,39,158,120,80,76,153,144,84,117,13,93,40,85,156,58,134,59,162,123,68,116,131,129,46,94,9,71,141,75
Dev: 67,132,112,87,61,37,101,2,31,92,168,99,82,115,154,157,114,47,122,33,78,130,3,64
Test: 55,118,14,106,142,16,127,152,73,126,103,34,45,25,54,36,22,79,65,138,60,125,21,4,149,26,105,128,98,66,20,0,41,167,77,50,24,90,43,7,10,163,48,91,62,32,140,147,42,119,107,56

Split 4
Train: 18,126,122,69,147,163,114,154,103,43,92,0,23,162,6,102,156,145,99,151,19,28,32,97,15,142,62,157,139,59,13,68,166,148,141,130,64,72,167,67,21,50,25,57,54,61,58,24,30,91,73,74,118,113,124,29,144,134,123,45,129,159,48,41,42,105,4,119,107,138,120,44,16,12,27,136,133,108,110,10,143,137,66,146,71,39,60,117,3,86,9,93,98,33
Dev: 35,14,152,168,40,65,121,131,11,7,88,79,101,52,70,17,1,112,20,31,158,96,63,38
Test: 34,160,75,89,5,46,125,111,135,81,127,56,85,155,95,37,116,169,128,26,90,165,150,83,132,47,100,149,82,109,36,164,76,51,55,106,2,84,140,8,77,153,49,104,80,115,53,94,78,22,161,87

Split 5
Train: 92,47,0,58,35,167,113,38,127,19,94,6,42,117,119,24,123,90,68,80,102,31,147,78,158,134,91,88,59,153,100,130,140,98,143,137,86,159,138,136,32,48,12,126,110,11,57,34,135,28,71,107,46,21,145,108,63,23,5,128,168,93,14,51,73,50,96,53,69,103,133,162,45,141,65,83,41,49,150,161,120,74,111,43,1,18,165,105,139,146,29,163,20,121
Dev: 84,112,36,2,61,85,106,7,115,16,82,125,64,30,37,87,152,22,124,8,118,79,40,109
Test: 27,81,33,142,60,151,44,154,70,3,77,26,15,9,157,95,25,104,114,97,62,99,17,10,156,116,39,56,13,52,67,132,75,101,66,72,76,4,122,54,89,149,129,131,144,155,55,160,166,164,148,169

Split 6
Train: 55,157,107,108,74,8,111,69,39,140,98,78,133,59,14,135,66,120,82,56,126,45,44,125,41,139,24,7,109,121,60,64,150,163,13,118,103,79,68,34,158,12,27,138,1,97,92,136,104,152,162,46,65,95,57,132,67,81,23,21,31,77,17,169,93,159,113,167,62,165,99,11,124,70,73,40,154,15,3,161,9,50,53,151,129,166,94,35,168,80,119,51,137,58
Dev: 100,131,4,145,149,141,28,30,18,148,122,25,85,32,71,22,38,2,102,105,89,63,16,72
Test: 20,96,37,164,33,153,143,116,61,54,128,112,49,19,48,101,76,114,147,90,134,110,91,83,6,10,87,42,47,29,86,130,156,88,0,127,146,5,52,84,26,155,106,117,160,144,142,36,75,115,123,43

Split 7
Train: 126,10,149,100,30,7,1,12,150,57,55,134,86,112,104,47,165,21,0,22,135,16,70,153,143,83,6,98,113,147,145,81,159,5,103,129,75,128,50,52,11,35,158,120,64,78,8,26,163,160,139,148,53,84,116,88,162,151,9,29,92,121,19,76,119,94,28,77,154,65,66,136,144,106,125,96,90,156,152,74,37,123,131,17,24,130,67,111,117,15,169,62,82,102
Dev: 141,168,69,38,61,137,155,34,13,25,124,32,49,93,63,2,101,97,56,18,23,133,44,110
Test: 107,164,108,59,142,51,3,20,41,33,91,79,73,132,118,85,48,27,167,80,43,105,122,68,54,14,58,109,115,36,60,42,127,4,114,31,161,46,87,99,40,89,71,157,39,72,95,166,45,140,146,138

Split 8
Train: 51,112,156,116,104,14,121,56,74,53,159,3,88,94,137,23,25,81,0,141,76,91,54,61,158,58,65,98,29,164,114,72,128,20,95,165,146,67,90,80,45,155,110,6,103,34,124,75,151,148,35,86,17,126,47,85,154,50,157,99,27,79,71,5,136,38,117,84,46,132,149,59,168,21,102,82,52,16,113,68,33,127,140,55,131,78,145,135,24,83,160,28,9,57
Dev: 87,44,144,11,77,73,19,153,62,89,41,48,163,63,4,134,43,1,139,169,7,36,161,115
Test: 97,166,30,125,101,142,150,31,69,22,118,49,8,64,152,96,13,66,133,130,10,26,100,109,147,119,37,12,129,106,60,122,18,39,107,32,138,105,70,108,111,2,167,40,123,143,42,93,15,162,120,92

Split 9
Train: 72,94,45,149,131,53,29,145,5,83,15,154,109,108,129,10,144,130,38,148,91,49,43,26,42,34,105,115,11,168,125,150,37,155,163,68,56,107,59,100,19,139,79,156,98,132,6,35,64,51,146,138,140,136,1,82,13,47,93,71,30,114,95,128,147,92,20,157,106,4,27,116,118,60,23,81,159,142,166,31,97,2,84,123,54,160,164,63,74,101,21,137,18,85
Dev: 161,121,0,66,22,113,151,133,61,165,62,117,3,124,48,57,65,111,12,8,89,9,169,162
Test: 40,119,69,110,99,87,77,36,126,7,80,102,88,103,33,90,158,17,134,67,127,75,58,70,50,44,41,167,16,96,52,143,76,28,120,104,46,39,78,24,14,55,135,32,153,122,141,25,86,152,73,112

